0 4 4 4 4 4 4 4 4 4 
4 0 9 6 5 16 13 10 15 7 
4 9 0 18 5 4 9 11 7 8 
4 6 18 0 5 12 10 14 12 8 
4 5 5 5 0 5 5 5 5 5 
4 16 4 12 5 0 6 18 7 14 
4 13 9 10 5 6 0 16 7 13 
4 10 11 14 5 18 16 0 17 20 
4 15 7 12 5 7 7 17 0 4 
4 7 8 8 5 14 13 20 4 0 
